Final set of parameters            Asymptotic Standard Error
=======================            ==========================

a               = 4.31433e-09      +/- 2.378e-10    (5.511%)
b               = 3.94506e-06      +/- 2.476e-06    (62.75%)
c               = -0.00311235      +/- 0.005425     (174.3%)
