Final set of parameters            Asymptotic Standard Error
=======================            ==========================

a               = 1.11725e-08      +/- 3.725e-10    (3.334%)
b               = -2.27723e-06     +/- 6.692e-07    (29.39%)
c               = 0.00096037       +/- 0.0003713    (38.66%)
d               = -0.115743        +/- 0.06234      (53.86%)
