Final set of parameters            Asymptotic Standard Error
=======================            ==========================

a               = 2.36229e-09      +/- 2.503e-10    (10.6%)
b               = -2.27723e-06     +/- 2.606e-06    (114.5%)
c               = 0.00096037       +/- 0.005712     (594.8%)

